1 2769.659676
2 2796.355178
3 2833.148174
4 2838.129395
5 2843.647748
6 2852.096822
7 2852.963035
8 2871.248529
9 2885.135948
10 2885.895135
11 2888.664818
12 2899.783560
13 2900.569754
14 2922.475166
15 2925.907015
16 2929.110807
17 2943.720425
18 2958.447077
19 2958.780160
20 2969.553835
21 2974.880158
22 2979.529314
23 2984.687597
24 2994.672081
25 2999.968400
26 3007.808353
27 3009.373743
28 3034.949125
29 3047.837346
30 3049.978882
31 3061.328721
32 3062.590037
33 3068.620547
34 3073.007646
35 3079.722329
36 3081.111677
37 3083.876370
38 3085.921883
39 3089.099680
40 3089.366747
41 3090.991155
42 3094.293984
43 3105.252735
44 3106.648085
45 3107.927406
46 3109.198726
47 3110.923159
48 3118.588085
49 3120.430549
50 3123.868413
51 3125.292771
52 3126.413053
53 3131.977453
54 3137.124748
55 3137.737903
56 3139.926454
57 3141.181770
58 3143.746415
59 3146.548121
60 3146.954223
61 3151.367335
62 3155.214305
63 3155.688424
64 3162.309093
65 3166.212077
66 3167.014280
67 3170.246095
68 3170.590182
69 3172.193586
70 3174.345129
71 3175.122325
72 3176.644710
73 3179.162345
74 3179.967548
75 3181.113838
76 3185.870039
77 3193.508968
78 3195.151383
79 3196.612753
80 3199.893582
81 3203.446480
82 3205.246935
83 3205.927107
84 3208.511761
85 3211.236450
86 3212.121674
87 3214.502276
88 3215.003403
89 3215.308480
90 3217.667077
91 3221.280992
92 3223.334511
93 3226.342273
94 3229.942184
95 3231.800655
96 3236.773915
97 3239.050492
98 3239.868699
99 3242.043250
100 3244.624904
101 3245.385097
102 3246.696430
103 3250.737454
104 3252.853991
105 3254.804485
106 3255.748725
107 3257.213096
108 3258.306374
109 3259.044561
110 3260.000804
111 3263.608719
112 3264.510948
113 3266.519458
114 3267.576726
115 3271.759788
116 3272.970095
117 3274.260423
118 3274.859575
119 3276.011868
120 3281.316215
121 3281.994387
122 3282.647553
123 3286.750595
124 3287.529793
125 3288.736100
126 3291.547815
127 3292.687104
128 3293.469303
129 3294.589588
130 3298.999709
131 3300.619121
132 3302.601625
133 3305.189283
134 3306.255554
135 3308.180044
136 3310.317588
137 3315.780978
138 3320.300128
139 3320.865272
140 3325.709506
141 3326.077599
142 3328.150127
143 3330.685773
144 3331.434964
145 3334.087640
146 3335.563015
147 3338.829848
148 3341.685576
149 3345.720604
150 3347.518062
151 3349.730626
152 3351.887176
153 3352.192254
154 3355.144007
155 3359.567135
156 3361.963747
157 3365.652688
158 3373.791765
159 3374.461936
160 3375.944315
161 3377.405688
162 3379.543234
163 3381.830818
164 3386.504012
165 3387.473259
166 3388.893622
167 3389.503778
168 3393.008674
169 3397.702873
170 3398.491075
171 3399.520338
172 3402.687147
173 3403.671399
174 3406.535131
175 3409.727948
176 3413.992038
177 3416.864773
178 3418.478186
179 3420.153615
180 3422.191136
181 3423.637506
182 3424.971848
183 3429.982130
184 3434.983411
185 3435.711597
186 3436.961917
187 3437.712109
188 3438.292258
189 3440.384794
190 3443.565609
191 3446.204285
192 3446.731420
193 3447.534625
194 3450.633419
195 3452.690947
196 3455.084560
197 3458.059323
198 3463.842805
199 3465.119132
200 3466.757553
201 3469.213182
202 3470.338471
203 3470.914619
204 3472.212952
205 3472.953142
206 3477.742370
207 3479.227751
208 3480.168993
209 3480.681124
210 3481.049219
211 3481.502335
212 3483.757914
213 3486.209543
214 3487.548887
215 3490.506646
216 3492.535167
217 3494.518676
218 3496.700236
219 3497.811521
220 3499.010829
221 3499.621986
222 3502.868820
223 3504.788313
224 3510.782853
225 3512.161207
226 3515.393038
227 3519.410070
228 3519.892194
229 3521.006481
230 3522.276807
231 3524.513382
232 3527.642187
233 3529.420644
234 3531.524185
235 3532.460426
236 3536.330421
237 3537.021599
238 3538.170894
239 3540.598519
240 3543.510268
241 3544.160435
242 3545.030659
243 3546.609065
244 3546.858129
245 3548.351514
246 3549.527816
247 3550.610095
248 3551.732384
249 3552.416560
250 3554.125000
251 3555.321307
252 3556.029490
253 3556.720668
254 3557.919976
255 3558.481121
256 3560.524647
257 3562.047039
258 3562.798232
259 3563.210339
260 3564.393643
261 3565.350890
262 3566.048069
263 3568.282645
264 3570.839303
265 3573.411966
266 3574.240179
267 3576.342721
268 3582.630341
269 3583.377534
270 3584.124726
271 3585.199003
272 3589.465103
273 3590.384340
274 3590.774440
275 3591.949743
276 3592.476879
277 3593.804221
278 3594.908506
279 3596.011790
280 3596.643953
281 3599.146599
282 3600.751012
283 3601.459195
284 3602.061350
285 3604.231910
286 3605.710291
287 3606.222424
288 3606.907600
289 3607.550766
290 3609.407245
291 3613.458290
292 3613.897403
293 3616.163988
294 3616.881173
295 3618.703644
296 3619.394822
297 3621.871461
298 3622.151533
299 3623.170797
300 3623.827966
301 3624.806219
302 3626.661698
303 3627.973036
304 3630.884788
305 3635.618010
306 3636.979362
307 3639.355975
308 3639.681059
309 3640.484267
310 3640.870366
311 3643.286991
312 3644.550317
313 3646.745884
314 3648.685385
315 3649.460585
316 3650.289800
317 3653.208554
318 3655.503147
319 3656.319358
320 3657.091557
321 3657.735724
322 3658.684969
323 3659.851270
324 3660.671482
325 3661.479691
326 3662.663997
327 3663.793289
328 3664.245406
329 3664.745535
330 3668.025383
331 3669.183683
332 3670.685071
333 3671.013156
334 3672.584562
335 3673.345759
336 3674.306007
337 3674.839145
338 3675.060202
339 3675.949432
340 3676.183493
341 3676.613604
342 3679.095246
343 3679.317303
344 3679.527358
345 3680.181527
346 3680.757676
347 3681.108767
348 3681.494867
349 3683.534394
350 3683.593409
351 3685.982027
352 3689.033817
353 3689.810018
354 3691.673500
355 3692.461704
356 3692.926824
357 3693.617003
358 3695.229420
359 3696.340708
360 3697.025885
361 3698.795343
362 3699.158437
363 3700.233715
364 3700.932896
365 3702.031180
366 3704.283763
367 3704.827904
368 3705.915186
369 3707.821679
370 3710.917481
371 3712.359854
372 3712.678937
373 3713.615179
374 3716.616957
375 3717.640222
376 3719.264642
377 3720.491960
378 3720.894064
379 3721.364186
380 3722.273422
381 3722.883580
382 3724.715054
383 3725.576277
384 3726.452504
385 3727.783849
386 3728.962154
387 3730.369519
388 3731.428794
389 3731.808892
390 3734.046472
391 3734.733650
392 3735.658890
393 3738.574645
394 3738.951743
395 3742.246597
396 3743.987048
397 3746.723758
398 3747.034838
399 3748.604245
400 3750.149646
401 3750.683784
402 3752.088148
403 3753.635550
404 3755.660075
405 3756.279235
406 3757.361516
407 3758.761879
408 3759.535079
409 3760.384300
410 3762.537858
411 3764.002238
412 3766.339844
413 3767.331102
414 3768.971527
415 3770.655964
416 3771.127086
417 3771.611212
418 3772.441427
419 3773.721760
420 3777.343699
421 3782.039918
422 3784.086449
423 3784.370523
424 3785.649855
425 3786.675121
426 3790.243047
427 3791.431356
428 3791.870470
429 3793.450880
430 3795.775484
431 3796.462662
432 3798.285135
433 3799.181368
434 3801.276912
435 3802.570248
436 3804.154660
437 3805.063896
438 3806.900373
439 3808.954907
440 3810.571326
441 3812.076717
442 3814.149256
443 3816.648905
444 3819.768716
445 3821.876264
446 3822.515430
447 3823.230616
448 3824.151855
449 3826.196386
450 3826.785539
451 3827.454713
452 3827.915833
453 3829.470237
454 3831.146673
455 3831.859858
456 3832.727084
457 3834.173460
458 3835.766874
459 3837.660366
460 3838.963705
461 3840.789180
462 3841.889466
463 3843.049768
464 3843.986011
465 3846.510667
466 3847.978049
467 3850.274646
468 3851.662007
469 3853.227414
470 3855.603032
471 3857.447512
472 3860.933419
473 3863.516091
474 3864.501347
475 3868.005259
476 3869.626681
477 3870.759976
478 3873.819772
479 3874.245883
480 3874.571968
481 3874.920059
482 3875.341168
483 3875.960329
484 3876.471462
485 3878.562007
486 3879.761319
487 3880.743574
488 3885.922923
489 3888.017468
490 3893.072784
491 3894.755223
492 3896.522683
493 3899.541469
494 3901.983105
495 3902.767309
496 3904.207685
497 3906.292228
498 3909.856156
499 3912.084737
500 3913.016980
501 3914.189285
502 3915.868723
503 3916.957006
504 3917.526155
505 3918.378377
506 3919.179585
507 3920.132834
508 3921.552204
509 3924.910079
510 3926.204416
511 3926.831580
512 3928.533023
513 3929.732336
514 3930.781609
515 3932.369023
516 3933.663361
517 3934.024455
518 3934.774650
519 3935.387810
520 3937.467352
521 3938.154532
522 3939.037762
523 3939.728942
524 3943.188844
525 3943.671970
526 3944.510189
527 3945.386417
528 3946.251643
529 3947.216895
530 3948.448216
531 3948.621261
532 3949.147398
533 3950.096646
534 3951.513015
535 3952.633307
536 3953.858627
537 3956.289261
538 3957.009449
539 3957.809658
540 3960.420339
541 3961.389592
542 3962.641918
543 3963.540153
544 3965.151573
545 3968.514451
546 3969.589731
547 3970.124871
548 3970.787044
549 3973.277694
550 3973.762820
551 3974.319966
552 3975.604301
553 3977.538806
554 3980.485575
555 3981.214765
556 3982.232031
557 3986.006016
558 3988.333624
559 3989.154838
560 3989.726988
561 3991.620482
562 3992.858805
563 3995.678542
564 3997.190937
565 3997.798095
566 3998.995408
567 3999.863635
568 4001.412039
569 4002.189242
570 4003.024460
571 4004.439830
572 4006.224296
573 4008.150799
574 4009.343111
575 4010.190332
576 4010.952531
577 4012.873033
578 4013.629230
579 4015.004590
580 4015.850811
581 4018.198424
582 4019.234695
583 4020.264964
584 4021.490284
585 4023.212734
586 4024.475064
587 4025.939447
588 4026.792670
589 4027.284799
590 4028.147024
591 4030.795716
592 4030.963760
593 4031.430882
594 4031.981026
595 4033.734484
596 4035.001816
597 4036.610236
598 4037.188387
599 4037.705522
600 4041.005385
601 4042.344735
602 4044.052182
603 4044.536308
604 4045.560576
605 4049.430588
606 4051.088021
607 4052.031268
608 4054.084805
609 4054.671959
610 4060.399457
611 4064.554543
612 4065.478785
613 4068.598601
614 4070.350060
615 4070.610128
616 4071.387331
617 4073.159795
618 4073.549897
619 4075.006278
620 4076.653709
621 4077.791006
622 4078.111090
623 4080.751781
624 4081.822061
625 4082.519244
626 4083.552514
627 4084.620794
628 4086.195206
629 4086.587308
630 4087.673593
631 4088.437793
632 4089.880170
633 4090.291278
634 4095.902747
635 4097.232095
636 4098.306376
637 4098.903532
638 4101.498212
639 4103.774808
640 4105.068146
641 4106.495520
642 4108.208969
643 4109.012179
644 4109.578327
645 4110.482564
646 4111.985958
647 4113.914463
648 4116.920250
649 4117.874500
650 4124.735297
651 4128.576303
652 4129.814628
653 4132.167244
654 4132.877430
655 4132.895435
656 4133.918703
657 4135.234048
658 4136.646418
659 4137.451629
660 4137.561658
661 4137.602668
662 4139.207089
663 4141.402664
664 4143.869311
665 4144.817559
666 4149.350747
667 4151.157221
668 4155.891462
669 4157.281826
670 4157.687933
671 4158.452133
672 4158.567163
673 4159.762476
674 4162.911302
675 4163.682504
676 4165.352942
677 4166.940358
678 4169.809111
679 4171.708609
680 4179.236583
681 4180.430896
682 4180.893017
683 4183.061586
684 4185.316178
685 4190.741601
686 4191.892903
687 4192.208986
688 4193.543336
689 4194.197508
690 4196.118011
691 4199.499899
692 4201.858518
693 4203.029825
694 4205.225401
695 4209.596548
696 4210.075674
697 4211.189967
698 4212.109208
699 4214.253771
700 4216.015233
701 4217.256559
702 4218.637921
703 4219.878247
704 4221.256609
705 4223.859292
706 4224.629494
707 4224.753527
708 4224.782535
709 4227.489245
710 4227.916357
711 4228.210435
712 4228.577531
713 4229.370739
714 4230.337993
715 4231.081188
716 4231.617329
717 4236.655652
718 4238.423116
719 4242.288131
720 4249.183942
721 4249.586048
722 4251.510553
723 4252.381782
724 4254.735401
725 4256.434847
726 4256.948982
727 4256.994994
728 4257.451114
729 4258.694441
730 4259.718710
731 4260.559931
732 4261.532186
733 4267.486751
734 4271.143712
735 4273.370297
736 4274.076482
737 4274.559609
738 4275.226785
739 4276.393091
740 4278.010516
741 4278.517650
742 4278.753712
743 4279.526915
744 4281.772505
745 4282.271636
746 4282.618728
747 4283.245892
748 4284.105118
749 4284.214147
750 4284.723281
751 4287.433993
752 4289.874635
753 4293.016461
754 4295.927226
755 4298.514906
756 4299.199086
757 4300.844519
758 4301.048573
759 4301.309641
760 4301.869788
761 4306.166918
762 4307.577289
763 4308.387502
764 4309.333751
765 4309.811877
766 4310.462048
767 4311.152229
768 4313.011719
769 4314.210034
770 4315.532381
771 4316.467627
772 4319.629459
773 4321.340909
774 4326.490264
775 4330.132222
776 4332.060729
777 4332.467836
778 4333.278050
779 4334.778444
780 4336.555912
781 4336.928010
782 4338.496423
783 4339.326641
784 4342.115375
785 4343.664783
786 4345.172179
787 4345.547278
788 4346.388499
789 4347.072680
790 4347.657834
791 4349.332274
792 4350.294527
793 4353.453359
794 4353.835459
795 4354.671680
796 4355.705952
797 4359.544962
798 4360.597239
799 4363.295950
800 4365.020404
801 4367.156966
802 4369.097477
803 4370.721905
804 4371.103005
805 4371.988238
806 4372.588396
807 4375.353124
808 4376.014298
809 4377.189608
810 4379.406191
811 4380.970603
812 4382.633041
813 4383.091162
814 4385.887898
815 4386.312010
816 4389.019723
817 4392.343599
818 4394.208090
819 4394.993297
820 4399.150392
821 4401.325965
822 4402.256210
823 4402.817358
824 4404.163712
825 4406.147235
826 4409.720176
827 4410.121282
828 4413.978298
829 4414.132339
830 4415.725759
831 4417.477220
832 4418.084380
833 4422.141449
834 4423.289752
835 4424.962193
836 4427.252796
837 4431.423896
838 4432.264117
839 4433.496442
840 4434.207629
841 4435.074858
842 4439.992154
843 4440.369254
844 4440.726348
845 4441.570570
846 4442.112713
847 4442.854909
848 4444.912451
849 4446.280812
850 4446.562887
851 4447.149041
852 4449.082551
853 4449.802741
854 4450.128827
855 4452.042331
856 4453.814799
857 4459.252232
858 4461.781899
859 4462.493087
860 4462.779162
861 4464.918727
862 4466.593168
863 4470.779272
864 4472.244659
865 4476.025656
866 4476.476775
867 4479.851665
868 4480.893940
869 4482.079253
870 4483.087519
871 4483.426609
872 4484.603919
873 4486.971544
874 4488.155856
875 4488.754014
876 4489.571230
877 4489.939327
878 4490.923587
879 4492.249936
880 4494.593555
881 4499.175764
882 4499.811932
883 4500.202035
884 4501.245310
885 4504.213093
886 4506.479691
887 4507.758029
888 4511.791093
889 4511.998148
890 4514.488805
891 4514.945926
892 4516.384306
893 4517.330555
894 4520.526399
895 4522.461910
896 4523.591208
897 4531.840386
898 4533.527831
899 4534.348048
900 4534.508090
901 4534.575108
902 4535.391323
903 4536.525623
904 4538.416122
905 4538.942261
906 4542.272140
907 4545.788069
908 4546.354218
909 4547.189439
910 4548.523791
911 4549.054932
912 4553.429087
913 4557.089054
914 4559.623723
915 4562.625516
916 4564.940127
917 4568.520073
918 4569.422311
919 4572.253059
920 4579.105870
921 4580.673284
922 4581.110400
923 4582.456755
924 4589.711672
925 4591.216070
926 4593.952793
927 4594.930052
928 4596.707521
929 4597.384700
930 4600.058407
931 4604.433563
932 4609.224830
933 4609.911011
934 4610.891270
935 4613.150868
936 4613.835049
937 4614.896329
938 4616.316705
939 4616.626787
940 4620.772883
941 4622.457328
942 4629.594215
943 4629.737253
944 4633.058131
945 4635.062661
946 4638.548583
947 4639.983963
948 4641.345323
949 4642.552642
950 4646.007556
951 4647.987079
952 4648.552229
953 4651.536018
954 4652.857368
955 4653.291483
956 4656.515335
957 4659.244057
958 4660.874489
959 4664.507450
960 4667.311191
961 4668.104401
962 4669.477765
963 4671.291244
964 4674.968217
965 4677.363851
966 4681.546958
967 4681.956067
968 4684.661783
969 4687.505535
970 4690.563344
971 4691.934707
972 4692.947976
973 4695.404626
974 4696.351876
975 4696.767987
976 4702.086394
977 4703.631803
978 4704.676080
979 4705.305246
980 4707.076715
981 4707.567845
982 4709.611386
983 4713.799495
984 4714.158590
985 4721.778608
986 4722.596824
987 4722.940916
988 4723.409040
989 4724.759397
990 4725.105489
991 4726.093750
992 4728.232317
993 4729.455641
994 4730.450904
995 4733.403686
996 4737.254706
997 4741.001698
998 4741.854924
999 4742.278036
1000 4743.443345
1001 4745.013761
1002 4746.664198
1003 4750.528222
1004 4751.299426
1005 4753.743073
1006 4759.458587
1007 4765.678235
1008 4766.222379
1009 4766.927566
1010 4767.932832
1011 4774.575593
1012 4775.593862
1013 4777.129269
1014 4778.526639
1015 4779.629932
1016 4781.064312
1017 4784.098116
1018 4785.198407
1019 4787.869115
1020 4788.486279
1021 4790.724872
1022 4794.583895
1023 4797.253602
1024 4807.413296
1025 4809.476843
1026 4810.958235
1027 4813.719967
1028 4814.352135
1029 4815.065324
1030 4815.241371
1031 4818.366199
1032 4819.993631
1033 4820.539775
1034 4821.811113
1035 4822.231224
1036 4822.934410
1037 4824.201746
1038 4824.953946
1039 4825.344049
1040 4828.048766
1041 4831.146588
1042 4832.470939
1043 4832.947065
1044 4834.152385
1045 4834.528485
1046 4842.195518
1047 4845.294340
1048 4846.515664
1049 4849.254390
1050 4849.716513
1051 4850.494719
1052 4851.794064
1053 4854.223708
1054 4859.689158
1055 4862.573923
1056 4863.075056
1057 4864.530442
1058 4866.836054
1059 4867.269169
1060 4868.949615
1061 4870.240957
1062 4872.649596
1063 4874.278028
1064 4875.725412
1065 4877.621915
1066 4879.371380
1067 4880.095572
1068 4881.262882
1069 4882.567228
1070 4883.613505
1071 4889.312017
1072 4890.425313
1073 4890.855427
1074 4894.126295
1075 4894.811477
1076 4896.321878
1077 4899.826808
1078 4900.608015
1079 4903.422762
1080 4904.138952
1081 4906.119478
1082 4911.526913
1083 4912.164082
1084 4912.749238
1085 4913.900543
1086 4921.188478
1087 4921.996692
1088 4922.986955
1089 4927.325107
1090 4929.155593
1091 4930.461940
1092 4934.617043
1093 4935.229206
1094 4938.151982
1095 4939.207262
1096 4941.020743
1097 4944.443652
1098 4946.838288
1099 4948.043608
1100 4948.955850
1101 4951.632561
1102 4952.007661
1103 4956.042733
1104 4961.807264
1105 4963.110610
1106 4966.505511
1107 4967.116674
1108 4970.141477
1109 4971.449825
1110 4973.564386
1111 4981.575515
1112 4983.877126
1113 4986.762893
1114 4988.538364
1115 4990.699939
1116 4995.142119
1117 5003.492338
1118 5004.993737
1119 5005.522877
1120 5010.747266
1121 5017.288004
1122 5018.559342
1123 5018.653367
1124 5020.723917
1125 5021.206045
1126 5023.405630
1127 5030.057398
1128 5031.293726
1129 5040.635210
1130 5042.527713
1131 5046.125669
1132 5046.654810
1133 5048.450287
1134 5050.220758
1135 5050.343791
1136 5051.204019
1137 5052.192282
1138 5053.296576
1139 5056.756496
1140 5059.396197
1141 5059.771297
1142 5061.271696
1143 5063.067173
1144 5063.481284
1145 5064.343513
1146 5066.013957
1147 5066.357048
1148 5067.547365
1149 5068.185534
1150 5069.385854
1151 5070.751217
1152 5082.856436
1153 5086.437388
1154 5086.712462
1155 5091.968860
1156 5095.525806
1157 5096.484061
1158 5097.904439
1159 5099.463853
1160 5100.352090
1161 5100.391100
1162 5102.042539
1163 5102.550674
1164 5112.702375
1165 5114.806935
1166 5116.469377
1167 5119.626217
1168 5123.926361
1169 5126.917157
1170 5127.378280
1171 5129.917956
1172 5136.176621
1173 5138.904347
1174 5142.205225
1175 5143.242501
1176 5144.699889
1177 5145.349062
1178 5146.793446
1179 5149.645205
1180 5153.047111
1181 5155.678811
1182 5160.040972
1183 5161.057243
1184 5162.147533
1185 5162.976754
1186 5163.721952
1187 5164.896265
1188 5167.258894
1189 5170.025630
1190 5170.361720
1191 5175.111984
1192 5176.765424
1193 5177.352581
1194 5177.721679
1195 5177.844712
1196 5178.402860
1197 5179.065037
1198 5185.432732
1199 5185.896855
1200 5187.857377
1201 5188.781624
1202 5188.911658
1203 5189.190732
1204 5192.317565
1205 5195.271352
1206 5195.466403
1207 5195.903520
1208 5197.259881
1209 5200.247677
1210 5200.610773
1211 5205.297021
1212 5206.601369
1213 5207.944726
1214 5211.174586
1215 5212.680988
1216 5214.800552
1217 5218.048417
1218 5219.979931
1219 5220.562087
1220 5222.379571
1221 5222.723662
1222 5229.679515
1223 5232.615297
1224 5234.681847
1225 5235.564082
1226 5239.361094
1227 5240.271336
1228 5241.010533
1229 5241.654705
1230 5248.656570
1231 5249.114692
1232 5254.248060
1233 5255.721452
1234 5259.823545
1235 5261.568010
1236 5262.936375
1237 5268.175771
1238 5271.258592
1239 5274.598482
1240 5275.585745
1241 5278.968647
1242 5282.537598
1243 5293.288463
1244 5295.870151
1245 5297.751653
1246 5299.217043
1247 5299.756187
1248 5301.997784
1249 5302.879019
1250 5304.958574
1251 5307.246183
1252 5308.462508
1253 5308.941635
1254 5311.743382
1255 5313.479845
1256 5314.005985
1257 5314.382086
1258 5318.973309
1259 5322.250183
1260 5324.378751
1261 5326.624349
1262 5327.758652
1263 5328.456838
1264 5330.856478
1265 5331.562666
1266 5341.983444
1267 5345.067267
1268 5349.458438
1269 5352.614279
1270 5353.324468
1271 5357.125482
1272 5360.196301
1273 5361.317600
1274 5361.640686
1275 5362.645954
1276 5364.066333
1277 5370.775122
1278 5370.940166
1279 5372.202503
1280 5374.196035
1281 5376.316600
1282 5376.846742
1283 5377.624949
1284 5378.275123
1285 5380.605744
1286 5384.423763
1287 5385.798130
1288 5388.107746
1289 5389.548130
1290 5391.938768
1291 5394.071336
1292 5395.471710
1293 5396.259920
1294 5400.201972
1295 5400.423031
1296 5400.511054
1297 5400.675098
1298 5401.646357
1299 5404.192036
1300 5404.701172
1301 5409.156361
1302 5412.272192
1303 5416.996453
1304 5418.990985
1305 5422.853015
1306 5423.343146
1307 5425.515726
1308 5427.186172
1309 5427.915366
1310 5432.621622
1311 5435.661433
1312 5437.402898
1313 5438.898297
1314 5441.481987
1315 5442.113155
1316 5444.630827
1317 5444.722852
1318 5448.666904
1319 5450.992525
1320 5453.165105
1321 5453.733256
1322 5458.886632
1323 5460.484058
1324 5463.252797
1325 5465.723457
1326 5472.279207
1327 5474.960923
1328 5476.386303
1329 5480.597427
1330 5485.669782
1331 5490.152978
1332 5494.169051
1333 5494.730201
1334 5495.856501
1335 5497.398913
1336 5500.782817
1337 5501.174921
1338 5502.809358
1339 5505.830164
1340 5507.641648
1341 5509.068029
1342 5510.088301
1343 5511.523685
1344 5516.404988
1345 5520.522088
1346 5526.116582
1347 5526.464675
1348 5528.830306
1349 5529.762555
1350 5538.667934
1351 5539.094048
1352 5540.146329
1353 5540.800503
1354 5541.448677
1355 5543.120123
1356 5544.429473
1357 5549.715885
1358 5552.913739
1359 5554.165073
1360 5555.612460
1361 5558.588255
1362 5559.885601
1363 5560.245698
1364 5561.435015
1365 5565.746167
1366 5569.544182
1367 5572.738035
1368 5574.012375
1369 5574.900613
1370 5577.752375
1371 5579.248774
1372 5580.907218
1373 5581.626410
1374 5582.303591
1375 5585.312395
1376 5588.577267
1377 5590.301728
1378 5595.166027
1379 5596.616415
1380 5597.399624
1381 5599.014056
1382 5601.208642
1383 5603.158163
1384 5604.407497
1385 5606.070941
1386 5607.942442
1387 5608.288534
1388 5611.130294
1389 5611.661435
1390 5611.788469
1391 5612.237589
1392 5613.625960
1393 5616.877830
1394 5621.535074
1395 5631.859834
1396 5634.435522
1397 5634.858635
1398 5641.311360
1399 5643.299892
1400 5647.234944
1401 5648.018153
1402 5650.558832
1403 5652.271290
1404 5659.495221
1405 5660.700543
1406 5666.193012
1407 5666.752161
1408 5667.200281
1409 5668.700682
1410 5676.560784
1411 5678.628337
1412 5680.580859
1413 5683.476633
1414 5686.769513
1415 5693.289257
1416 5702.039597
1417 5702.498720
1418 5704.233183
1419 5708.686374
1420 5718.757068
1421 5721.209724
1422 5721.769874
1423 5725.840962
1424 5726.051019
1425 5726.976266
1426 5734.565296
1427 5737.620113
1428 5741.109046
1429 5742.762489
1430 5743.421665
1431 5750.335515
1432 5750.982688
1433 5754.621661
1434 5762.147675
1435 5764.392275
1436 5765.127472
1437 5769.377609
1438 5769.780717
1439 5773.360675
1440 5773.716770
1441 5775.547260
1442 5779.002184
1443 5783.261324
1444 5783.892493
1445 5791.250462
1446 5794.036207
1447 5797.675181
1448 5798.025275
1449 5798.926516
1450 5800.085826
1451 5802.437455
1452 5803.690791
1453 5805.750342
1454 5809.291290
1455 5814.583706
1456 5817.034362
1457 5824.407335
1458 5832.443486
1459 5833.986899
1460 5835.880406
1461 5840.568661
1462 5842.259114
1463 5845.426962
1464 5847.538527
1465 5854.302338
1466 5855.096550
1467 5855.742723
1468 5861.292209
1469 5861.939382
1470 5865.343294
1471 5868.437122
1472 5870.000540
1473 5871.476936
1474 5872.179124
1475 5872.809292
1476 5884.255357
1477 5887.332181
1478 5888.162403
1479 5890.223955
1480 5891.585320
1481 5893.083721
1482 5896.331591
1483 5896.914747
1484 5901.478969
1485 5905.795125
1486 5907.206503
1487 5910.572404
1488 5912.867019
1489 5913.722248
1490 5916.309941
1491 5918.367492
1492 5920.584086
1493 5924.443119
1494 5927.044816
1495 5927.874038
1496 5928.772279
1497 5930.447728
1498 5931.122908
1499 5931.577030
1500 5936.053229
1501 5936.105243
1502 5938.030759
1503 5938.806967
1504 5939.308101
1505 5940.470412
1506 5944.314442
1507 5946.293972
1508 5950.447085
1509 5950.908208
1510 5957.210896
1511 5961.323998
1512 5963.707637
1513 5971.390695
1514 5973.244192
1515 5975.318748
1516 5976.719123
1517 5983.556955
1518 5987.924125
1519 5988.947399
1520 5990.702870
1521 5992.666396
1522 5995.788232
1523 5998.289902
1524 6000.661538
1525 6002.424010
1526 6002.865128
1527 6006.828190
1528 6007.403345
1529 6008.735702
1530 6011.824529
1531 6013.197897
1532 6015.345473
1533 6017.087940
1534 6022.702444
1535 6024.892031
1536 6026.808545
1537 6032.114967
1538 6033.794417
1539 6034.542618
1540 6035.083763
1541 6036.863240
1542 6039.368911
1543 6040.352175
1544 6044.262223
1545 6044.903395
1546 6046.105717
1547 6050.725955
1548 6054.396939
1549 6055.056116
1550 6057.269709
1551 6061.050723
1552 6063.214303
1553 6067.458440
1554 6070.700310
1555 6074.784404
1556 6078.787478
1557 6079.554683
1558 6080.103830
1559 6080.905045
1560 6087.058695
1561 6088.947201
1562 6089.715407
1563 6092.446139
1564 6099.808113
1565 6100.771371
1566 6102.848928
1567 6103.414080
1568 6104.283313
1569 6105.249572
1570 6105.330594
1571 6106.257843
1572 6107.335131
1573 6109.223638
1574 6114.529060
1575 6116.612619
1576 6117.858953
1577 6121.392901
1578 6122.250131
1579 6123.101359
1580 6123.908575
1581 6125.074888
1582 6126.175183
1583 6127.434521
1584 6129.075961
1585 6131.241542
1586 6139.624790
1587 6140.368990
1588 6147.130803
1589 6152.385212
1590 6153.695564
1591 6155.771120
1592 6156.219240
1593 6157.284526
1594 6158.790930
1595 6163.058075
1596 6163.875294
1597 6166.184913
1598 6171.529347
1599 6173.988006
1600 6174.814228
1601 6180.140657
1602 6182.415267
1603 6184.331781
1604 6186.489360
1605 6189.837258
1606 6193.618272
1607 6195.569796
1608 6199.936967
1609 6205.208381
1610 6207.577017
1611 6208.937382
1612 6210.403775
1613 6214.225801
1614 6217.664723
1615 6221.731814
1616 6223.040166
1617 6226.249026
1618 6228.091521
1619 6234.698294
1620 6236.579798
1621 6242.679435
1622 6244.857019
1623 6250.128434
1624 6252.213994
1625 6259.153856
1626 6260.337173
1627 6262.795833
1628 6263.149928
1629 6267.906205
1630 6273.278647
1631 6275.851337
1632 6275.899350
1633 6278.974175
1634 6280.902693
1635 6287.016334
1636 6288.993864
1637 6292.930921
1638 6294.982472
1639 6298.617447
1640 6302.658532
1641 6304.993159
1642 6309.406343
1643 6310.884740
1644 6312.555189
1645 6317.521522
1646 6318.928899
1647 6323.568145
1648 6326.198851
1649 6328.116366
1650 6329.026610
1651 6333.163721
1652 6339.372388
1653 6341.420938
1654 6344.612795
1655 6350.492373
1656 6357.667299
1657 6370.899852
1658 6371.337970
1659 6373.704606
1660 6378.692945
1661 6381.436682
1662 6386.484037
1663 6389.160756
1664 6400.998935
1665 6408.216873
1666 6413.671338
1667 6415.386799
1668 6418.088525
1669 6433.347623
1670 6439.540286
1671 6440.850638
1672 6443.730412
1673 6445.670933
1674 6448.552707
1675 6451.788576
1676 6452.737831
1677 6459.066531
1678 6464.380959
1679 6468.347024
1680 6484.891469
1681 6489.233636
1682 6490.676023
1683 6492.530521
1684 6494.991183
1685 6495.571338
1686 6503.788546
1687 6505.307954
1688 6508.783888
1689 6510.848443
1690 6514.163334
1691 6515.639731
1692 6523.844935
1693 6533.145435
1694 6539.420121
1695 6539.921255
1696 6547.526299
1697 6553.514909
1698 6555.970568
1699 6560.686836
1700 6571.446728
1701 6577.938473
1702 6579.030766
1703 6579.472885
1704 6582.046577
1705 6585.724565
1706 6586.431756
1707 6590.358811
1708 6593.304603
1709 6595.283135
1710 6595.760263
1711 6597.921844
1712 6601.304753
1713 6606.677197
1714 6607.240349
1715 6615.200489
1716 6618.885479
1717 6619.342602
1718 6619.993777
1719 6621.774256
1720 6640.073175
1721 6640.745356
1722 6641.553573
1723 6645.624668
1724 6646.497903
1725 6648.375407
1726 6650.330933
1727 6650.794058
1728 6660.515672
1729 6662.479200
1730 6664.107637
1731 6665.860109
1732 6668.200738
1733 6670.657399
1734 6675.421680
1735 6676.539980
1736 6679.125676
1737 6680.550059
1738 6685.212312
1739 6686.205579
1740 6689.366429
1741 6694.573830
1742 6696.344306
1743 6697.988748
1744 6699.561171
1745 6700.699477
1746 6705.901876
1747 6713.104813
1748 6715.823544
1749 6719.239463
1750 6721.054951
1751 6729.315173
1752 6729.975350
1753 6730.616523
1754 6735.606865
1755 6744.745323
1756 6754.695999
1757 6756.164394
1758 6758.317974
1759 6758.974150
1760 6760.068445
1761 6767.536453
1762 6768.427693
1763 6774.043204
1764 6780.182855
1765 6781.996343
1766 6782.284421
1767 6789.609391
1768 6790.713688
1769 6793.109333
1770 6810.979140
1771 6811.388251
1772 6820.141606
1773 6825.391018
1774 6826.560333
1775 6829.124022
1776 6830.919506
1777 6836.810090
1778 6853.750649
1779 6855.414097
1780 6856.000254
1781 6863.193190
1782 6865.413787
1783 6868.260553
1784 6868.657660
1785 6870.345114
1786 6873.185879
1787 6876.649811
1788 6881.488113
1789 6884.709980
1790 6888.307949
1791 6888.469992
1792 6889.000135
1793 6890.070423
1794 6891.203728
1795 6911.755259
1796 6913.132630
1797 6918.035950
1798 6939.579749
1799 6944.453060
1800 6945.525349
1801 6947.405855
1802 6950.121586
1803 6953.377463
1804 6956.574323
1805 6967.351225
1806 6991.582748
1807 6994.098425
1808 6994.965659
1809 7002.733750
1810 7004.814311
1811 7020.502535
1812 7032.200685
1813 7038.223306
1814 7047.739869
1815 7055.563976
1816 7060.435288
1817 7061.987706
1818 7062.599871
1819 7066.398894
1820 7069.165639
1821 7070.679047
1822 7074.344034
1823 7077.283825
1824 7086.122206
1825 7088.653888
1826 7091.293599
1827 7102.471609
1828 7109.455490
1829 7111.820127
1830 7116.359350
1831 7124.007410
1832 7126.524088
1833 7127.764422
1834 7132.149603
1835 7134.066119
1836 7144.299876
1837 7149.011145
1838 7150.529554
1839 7152.255019
1840 7156.734226
1841 7156.925277
1842 7158.913813
1843 7160.803322
1844 7161.920623
1845 7164.544330
1846 7170.871034
1847 7175.349241
1848 7193.115027
1849 7202.029429
1850 7208.469164
1851 7208.972299
1852 7209.992574
1853 7214.676837
1854 7220.043282
1855 7221.140578
1856 7231.922483
1857 7232.854735
1858 7235.573467
1859 7244.087762
1860 7246.692463
1861 7248.123849
1862 7257.353336
1863 7258.985776
1864 7260.177097
1865 7272.663462
1866 7274.940076
1867 7286.910302
1868 7287.447447
1869 7290.988401
1870 7298.275365
1871 7300.153871
1872 7307.416829
1873 7310.654701
1874 7313.724529
1875 7317.081434
1876 7318.015685
1877 7326.825060
1878 7330.303998
1879 7331.510323
1880 7337.597964
1881 7343.173467
1882 7344.598851
1883 7352.805063
1884 7355.341747
1885 7374.148817
1886 7378.909100
1887 7386.014015
1888 7395.006440
1889 7404.290943
1890 7413.777501
1891 7414.351655
1892 7419.833133
1893 7420.593338
1894 7423.871222
1895 7424.304339
1896 7427.285143
1897 7430.986140
1898 7432.299495
1899 7437.377864
1900 7438.298112
1901 7449.852227
1902 7457.261225
1903 7463.929023
1904 7473.237533
1905 7483.414278
1906 7485.685890
1907 7486.301056
1908 7490.035063
1909 7491.676506
1910 7505.933351
1911 7512.488119
1912 7513.417369
1913 7513.858488
1914 7516.720260
1915 7525.205549
1916 7527.580189
1917 7551.391611
1918 7567.934073
1919 7569.824583
1920 7571.595061
1921 7587.831441
1922 7591.419409
1923 7600.296803
1924 7609.917399
1925 7620.427234
1926 7627.804224
1927 7629.274621
1928 7630.960076
1929 7632.410467
1930 7637.206761
1931 7649.484073
1932 7654.426407
1933 7655.934814
1934 7656.806049
1935 7660.432027
1936 7662.998720
1937 7672.151189
1938 7680.239372
1939 7687.422310
1940 7700.042715
1941 7706.930574
1942 7712.391047
1943 7716.060037
1944 7726.331809
1945 7733.865842
1946 7784.457496
1947 7791.077283
1948 7800.503827
1949 7816.480139
1950 7819.921068
1951 7836.612574
1952 7842.614194
1953 7843.948554
1954 7849.698106
1955 7864.072987
1956 7868.133083
1957 7870.364685
1958 7888.452568
1959 7893.245862
1960 7902.493359
1961 7918.627715
1962 7939.916463
1963 7943.910542
1964 7950.361283
1965 7981.167602
1966 7990.170033
1967 8008.357944
1968 8016.990276
1969 8024.407279
1970 8024.536313
1971 8034.640042
1972 8039.440339
1973 8048.342743
1974 8055.521682
1975 8064.847200
1976 8069.044334
1977 8070.960852
1978 8077.872719
1979 8081.901807
1980 8087.442303
1981 8095.848574
1982 8105.920294
1983 8117.542434
1984 8124.956436
1985 8131.640242
1986 8140.712693
1987 8145.376953
1988 8161.970435
1989 8172.032153
1990 8181.088600
1991 8189.161781
1992 8204.401899
1993 8205.456183
1994 8233.668806
1995 8254.661478
1996 8257.011113
1997 8261.781402
1998 8266.195595
1999 8266.792756
2000 8277.900758
2001 8323.141983
2002 8332.739577
2003 8334.500053
2004 8361.023221
2005 8369.692564
2006 8371.640090
2007 8410.518599
2008 8419.039902
2009 8420.311245
2010 8423.539118
2011 8426.962043
2012 8447.807678
2013 8448.831955
2014 8466.561748
2015 8474.153800
2016 8480.687566
2017 8492.632795
2018 8512.962291
2019 8518.893895
2020 8523.782216
2021 8557.294277
2022 8575.475193
2023 8608.144026
2024 8618.588850
2025 8622.837999
2026 8623.690230
2027 8631.512345
2028 8633.726944
2029 8638.113130
2030 8640.734839
2031 8641.814131
2032 8647.683718
2033 8650.771553
2034 8651.524757
2035 8658.253576
2036 8664.516270
2037 8667.865175
2038 8669.826706
2039 8670.323840
2040 8670.496887
2041 8680.813677
2042 8684.604702
2043 8688.478750
2044 8689.004892
2045 8690.234225
2046 8693.722168
2047 8700.985132
2048 8703.510815
2049 8706.092514
2050 8707.250827
2051 8709.750503
2052 8711.626010
2053 8712.806329
2054 8715.245989
2055 8716.047206
2056 8722.023822
2057 8724.054371
2058 8724.853588
2059 8726.113928
2060 8726.772106
2061 8733.218850
2062 8734.822284
2063 8736.421716
2064 8742.181274
2065 8750.433506
2066 8751.571814
2067 8753.609365
2068 8760.648269
2069 8762.854866
2070 8764.126210
2071 8769.152569
2072 8774.288958
2073 8774.793095
2074 8775.214209
2075 8775.941405
2076 8777.982958
2077 8785.127890
2078 8786.554276
2079 8786.974390
2080 8787.002397
2081 8792.789963
2082 8794.472418
2083 8800.588072
2084 8807.007809
2085 8808.316162
2086 8812.673341
2087 8814.930952
2088 8818.593943
2089 8820.164367
2090 8824.181454
2091 8832.117601
2092 8843.610710
2093 8850.419552
2094 8850.735637
2095 8851.744910
2096 8852.400088
2097 8855.221851
2098 8857.339424
2099 8861.451536
2100 8863.409066
2101 8869.149619
2102 8871.268192
2103 8877.668923
2104 8884.338728
2105 8891.634702
2106 8895.427728
2107 8895.981878
2108 8913.302564
2109 8915.220083
2110 8919.958364
2111 8930.180130
2112 8930.544229
2113 8944.115900
2114 8950.877730
2115 8951.578920
2116 8958.305740
2117 8960.445319
2118 8964.650456
2119 8964.667461
2120 8965.355647
2121 8969.464759
2122 8970.101931
2123 8972.329534
2124 8982.167196
2125 8983.204477
2126 8987.747706
2127 8989.875282
2128 8992.946113
2129 8993.362225
2130 8997.658388
2131 9000.346115
2132 9012.356365
2133 9015.000080
2134 9019.065180
2135 9020.065451
2136 9034.298302
2137 9040.373946
2138 9041.172162
2139 9042.604550
2140 9047.835966
2141 9049.196334
2142 9050.733750
2143 9055.970167
2144 9058.566870
2145 9065.050624
2146 9066.448002
2147 9068.599585
2148 9069.736892
2149 9072.071524
2150 9074.768254
2151 9077.911104
2152 9078.686314
2153 9092.941172
2154 9093.313273
2155 9103.581051
2156 9114.031880
2157 9120.640668
2158 9122.140074
2159 9125.469975
2160 9128.833886
2161 9131.688658
2162 9134.779495
2163 9137.199150
2164 9138.445487
2165 9143.064737
2166 9157.809728
2167 9158.700969
2168 9168.410597
2169 9170.311112
2170 9173.338931
2171 9181.298085
2172 9190.086464
2173 9196.116096
2174 9197.203391
2175 9202.209746
2176 9206.487904
2177 9210.552004
2178 9211.108154
2179 9218.449141
2180 9223.963634
2181 9227.029464
2182 9230.044280
2183 9235.029629
2184 9235.806840
2185 9236.390998
2186 9241.861479
2187 9246.297680
2188 9247.793084
2189 9253.116525
2190 9262.866165
2191 9266.225074
2192 9268.749757
2193 9270.232159
2194 9272.693825
2195 9273.725104
2196 9292.111081
2197 9294.129628
2198 9297.524547
2199 9302.564911
2200 9310.450046
2201 9312.998736
2202 9320.285709
2203 9322.628343
2204 9338.723700
2205 9343.267931
2206 9356.784590
2207 9358.558070
2208 9363.556424
2209 9381.107175
2210 9385.846458
2211 9391.506991
2212 9393.161439
2213 9401.667742
2214 9411.930521
2215 9416.258693
2216 9416.671805
2217 9420.040717
2218 9423.204573
2219 9434.187547
2220 9434.869732
2221 9439.400959
2222 9453.053656
2223 9457.795940
2224 9461.220867
2225 9473.280133
2226 9477.478269
2227 9489.528532
2228 9498.102854
2229 9499.794312
2230 9502.906155
2231 9508.000534
2232 9510.260146
2233 9513.555039
2234 9539.022935
2235 9550.649084
2236 9556.604697
2237 9563.867664
2238 9568.182832
2239 9569.904299
2240 9570.453447
2241 9579.975026
2242 9585.441506
2243 9585.708579
2244 9589.656648
2245 9592.973546
2246 9598.022914
2247 9611.121461
2248 9611.571583
2249 9621.856369
2250 9623.633850
2251 9627.837989
2252 9630.311659
2253 9632.210173
2254 9633.385491
2255 9635.286006
2256 9645.122670
2257 9645.963898
2258 9659.089453
2259 9666.294405
2260 9667.348690
2261 9677.444425
2262 9678.757780
2263 9679.489979
2264 9688.333374
2265 9697.689908
2266 9704.236682
2267 9704.932870
2268 9718.806628
2269 9721.157265
2270 9738.883066
2271 9746.234058
2272 9749.135844
2273 9756.266775
2274 9759.895758
2275 9772.214095
2276 9782.134783
2277 9792.195508
2278 9798.886321
2279 9799.931604
2280 9803.050449
2281 9815.387791
2282 9817.649404
2283 9821.870547
2284 9829.143518
2285 9834.364932
2286 9836.119408
2287 9836.703566
2288 9841.545878
2289 9843.615438
2290 9848.383730
2291 9858.444456
2292 9867.302856
2293 9868.154086
2294 9870.596748
2295 9871.627027
2296 9874.701860
2297 9875.337032
2298 9876.522354
2299 9898.761379
2300 9901.068004
2301 9905.071088
2302 9910.188475
2303 9912.792180
2304 9913.554387
2305 9913.830462
2306 9914.916756
2307 9918.838819
2308 9930.046855
2309 9937.441859
2310 9937.922989
2311 9941.560975
2312 9945.790121
2313 9955.098643
2314 9966.222657
2315 9973.196547
2316 9977.423692
2317 9987.787500
2318 9990.373201
2319 9992.676825
2320 9995.387560
2321 9996.602889
2322 10001.250148
2323 10001.701271
2324 10014.134640
2325 10035.970557
2326 10039.861611
2327 10041.842148
2328 10042.112221
2329 10048.063834
2330 10050.784571
2331 10058.956786
2332 10082.303112
2333 10083.983568
2334 10085.634015
2335 10086.544262
2336 10089.164972
2337 10091.895712
2338 10105.339355
2339 10107.840033
2340 10114.641876
2341 10120.763535
2342 10134.137159
2343 10136.337756
2344 10140.158791
2345 10143.209618
2346 10144.169878
2347 10147.040656
2348 10177.788990
2349 10181.309944
2350 10183.380505
2351 10187.321573
2352 10191.202625
2353 10214.328893
2354 10217.229679
2355 10221.230764
2356 10226.452179
2357 10238.825533
2358 10244.577092
2359 10250.358659
2360 10253.489507
2361 10258.390836
2362 10260.171318
2363 10260.971535
2364 10273.995065
2365 10274.865301
2366 10285.928300
2367 10291.809894
2368 10303.983194
2369 10306.893983
2370 10311.365195
2371 10317.716917
2372 10319.717459
2373 10337.752348
2374 10346.654761
2375 10347.114885
2376 10349.365496
2377 10351.876176
2378 10360.998649
2379 10372.361729
2380 10380.323888
2381 10380.984067
2382 10390.336602
2383 10405.900821
2384 10415.843517
2385 10432.528040
2386 10439.719990
2387 10442.360705
2388 10453.303672
2389 10462.586189
2390 10486.232599
2391 10495.125010
2392 10497.715713
2393 10501.366703
2394 10505.457812
2395 10515.080421
2396 10521.062042
2397 10528.714117
2398 10530.664646
2399 10532.865243
2400 10536.266165
2401 10539.747108
2402 10543.098017
2403 10543.838218
2404 10548.179395
2405 10557.721982
2406 10559.342421
2407 10568.194821
2408 10579.247818
2409 10587.920170
2410 10589.990731
2411 10594.241884
2412 10599.803392
2413 10604.234593
2414 10608.355711
2415 10616.287862
2416 10617.908301
2417 10625.450346
2418 10649.426847
2419 10667.151654
2420 10681.285486
2421 10703.281451
2422 10706.572343
2423 10726.857844
2424 10728.348248
2425 10729.858658
2426 10735.180101
2427 10744.752697
2428 10747.303389
2429 10755.415589
2430 10757.276093
2431 10775.381003
2432 10779.932237
2433 10782.042810
2434 10788.864660
2435 10789.314782
2436 10806.869542
2437 10807.479708
2438 10810.300473
2439 10815.231810
2440 10823.043929
2441 10837.137751
2442 10856.422982
2443 10865.475437
2444 10872.937461
2445 10877.548711
2446 10893.262973
2447 10904.165930
2448 10914.308681
2449 10916.559292
2450 10926.712045
2451 10944.616902
2452 10951.148673
2453 10965.882670
2454 10986.638300
2455 10993.220085
